2.989583333333333259e-01 2.885586495455201295e-01
7.968749999999998890e-01 6.117443370365027722e-01
1.294791666666666563e+00 4.616938392728320850e-01
1.792708333333333126e+00 2.193045736545953250e-01
2.290624999999999467e+00 1.615928437454913769e-01
2.788541666666666252e+00 1.154234598182080213e-01
3.286458333333333037e+00 5.771172990910406614e-02
3.784374999999999822e+00 8.079642187274553577e-02
4.282291666666665719e+00 0.000000000000000000e+00
4.780208333333332504e+00 0.000000000000000000e+00
5.278124999999999289e+00 0.000000000000000000e+00
5.776041666666666075e+00 0.000000000000000000e+00
6.273958333333332860e+00 0.000000000000000000e+00
6.771874999999999645e+00 0.000000000000000000e+00
7.269791666666665542e+00 0.000000000000000000e+00
7.767708333333332327e+00 0.000000000000000000e+00
8.265625000000000000e+00 0.000000000000000000e+00
8.763541666666665009e+00 0.000000000000000000e+00
9.261458333333333570e+00 0.000000000000000000e+00
9.759374999999998579e+00 0.000000000000000000e+00
1.025729166666666714e+01 0.000000000000000000e+00
1.075520833333333215e+01 0.000000000000000000e+00
1.125312500000000071e+01 0.000000000000000000e+00
1.175104166666666572e+01 1.154234598182080247e-02
